0.04011318242343542
0.015479360852197071
0.02130492676431425
0.1413115845539281
0.09004660452729693
0.012316910785619174
0.23568575233022637
0.005492676431424767
0.01381491344873502
0.02596537949400799
0.015312916111850865
0.020139813581890813
0.031125166444740344
0.016145139813581892
0.025133155792276964
0.08605193075898801
0.003828229027962716
0.15745672436751
0.08804926764314247
0.10419440745672437
0.13049267643142476
0.17942743009320905
0.041944074567243674
0.02330226364846871
0.1353195739014647
0.07240346205059921
0.059254327563249
0.0198069241011984
0.005825565912117177
0.014423076923076924
0.1875
0.1778846153846154
0.17307692307692307
0.04326923076923077
0.014423076923076924
0.1346153846153846
0.28846153846153844
0.057692307692307696
0.09615384615384616
0.22596153846153846
0.07211538461538461
0.009615384615384616
0.09134615384615384
0.11057692307692307
0.04807692307692308
0.2692307692307692
0.25961538461538464
0.004807692307692308
0.03365384615384615
0.02403846153846154
0.08173076923076923
0.22596153846153846
0.057692307692307696
0.14423076923076922
0.04326923076923077
0.04326923076923077
0.057692307692307696
0.2980769230769231
0.03365384615384615
0.028846153846153848
0.2692307692307692
0.10096153846153846
0.09134615384615384
0.052884615384615384
0.27884615384615385
0.21153846153846154
0.038461538461538464
0.019230769230769232
0.038461538461538464
0.22115384615384615
0.09615384615384616
0.17307692307692307
0.07211538461538461
0.038461538461538464
0.30288461538461536
0.057692307692307696
0.014423076923076924
0.014423076923076924
0.17307692307692307
0.10096153846153846
0.125
0.04807692307692308
0.2548076923076923
0.12980769230769232
0.0625
0.3125
0.019230769230769232
0.09615384615384616
0.13942307692307693
0.08173076923076923
0.052884615384615384
0.08653846153846154
0.14903846153846154
0.10576923076923077
0.1201923076923077
0.009615384615384616
0.1346153846153846
0.13942307692307693
0.014423076923076924
0.019230769230769232
0.14423076923076922
0.02403846153846154
0.0
0.028846153846153848
0.2403846153846154
0.014423076923076924
0.16826923076923078
0.0673076923076923
0.02403846153846154
0.0673076923076923
0.028846153846153848
0.057692307692307696
0.1346153846153846
0.15865384615384615
0.057692307692307696
0.14423076923076922
0.038461538461538464
0.009615384615384616
0.1201923076923077
0.038461538461538464
0.125
0.038461538461538464
0.1346153846153846
0.0
0.038461538461538464
0.12980769230769232
0.004807692307692308
0.24519230769230768
0.0673076923076923
0.0
0.09134615384615384
0.17307692307692307
0.24519230769230768
0.33653846153846156
0.3076923076923077
0.0673076923076923
0.2932692307692308
0.019230769230769232
0.0
0.014423076923076924
0.07692307692307693
0.1875
0.0625
0.2548076923076923
0.038461538461538464
0.0625
0.1346153846153846
0.07211538461538461
0.019230769230769232
0.10096153846153846
0.1346153846153846
0.21153846153846154
0.1201923076923077
0.04326923076923077
0.28365384615384615
0.21153846153846154
0.1875
0.028846153846153848
0.057692307692307696
0.09134615384615384
0.2692307692307692
0.24519230769230768
0.16346153846153846
0.04807692307692308
0.28846153846153844
0.004807692307692308
0.014423076923076924
0.24519230769230768
0.12980769230769232
0.1201923076923077
0.0673076923076923
0.2644230769230769
0.125
0.08653846153846154
0.04326923076923077
0.014423076923076924
0.02403846153846154
0.0673076923076923
0.11538461538461539
0.038461538461538464
0.1875
0.1971153846153846
0.125
0.11676646706586827
0.07734530938123753
0.124750499001996
0.12999001996007983
0.1404690618762475
0.015219560878243513
0.03218562874251497
0.0753493013972056
0.1314870259481038
0.07110778443113773
0.05963073852295409
0.03343313373253493
0.14196606786427146
0.016716566866267466
0.04416167664670659
0.18862275449101795
0.10778443113772455
0.045409181636726546
0.18013972055888225
0.05738522954091816
0.05763473053892216
